{
 "cells": [
  {
   "cell_type": "code",
   "execution_count": 10,
   "metadata": {},
   "outputs": [],
   "source": [
    "import pandas as pd\n",
    "import numpy as np"
   ]
  },
  {
   "cell_type": "code",
   "execution_count": 3,
   "metadata": {},
   "outputs": [],
   "source": [
    "data = pd.DataFrame({'X':[0.40,0.22,0.35,0.26,0.08,0.45],'Y':[0.53,0.38,0.32,0.19,0.41,0.30] })\n",
    "data.index=['P1','P2','P3','P4','P5','P6']"
   ]
  },
  {
   "cell_type": "code",
   "execution_count": 4,
   "metadata": {},
   "outputs": [
    {
     "data": {
      "text/html": [
       "<div>\n",
       "<style scoped>\n",
       "    .dataframe tbody tr th:only-of-type {\n",
       "        vertical-align: middle;\n",
       "    }\n",
       "\n",
       "    .dataframe tbody tr th {\n",
       "        vertical-align: top;\n",
       "    }\n",
       "\n",
       "    .dataframe thead th {\n",
       "        text-align: right;\n",
       "    }\n",
       "</style>\n",
       "<table border=\"1\" class=\"dataframe\">\n",
       "  <thead>\n",
       "    <tr style=\"text-align: right;\">\n",
       "      <th></th>\n",
       "      <th>X</th>\n",
       "      <th>Y</th>\n",
       "    </tr>\n",
       "  </thead>\n",
       "  <tbody>\n",
       "    <tr>\n",
       "      <th>P1</th>\n",
       "      <td>0.40</td>\n",
       "      <td>0.53</td>\n",
       "    </tr>\n",
       "    <tr>\n",
       "      <th>P2</th>\n",
       "      <td>0.22</td>\n",
       "      <td>0.38</td>\n",
       "    </tr>\n",
       "    <tr>\n",
       "      <th>P3</th>\n",
       "      <td>0.35</td>\n",
       "      <td>0.32</td>\n",
       "    </tr>\n",
       "    <tr>\n",
       "      <th>P4</th>\n",
       "      <td>0.26</td>\n",
       "      <td>0.19</td>\n",
       "    </tr>\n",
       "    <tr>\n",
       "      <th>P5</th>\n",
       "      <td>0.08</td>\n",
       "      <td>0.41</td>\n",
       "    </tr>\n",
       "    <tr>\n",
       "      <th>P6</th>\n",
       "      <td>0.45</td>\n",
       "      <td>0.30</td>\n",
       "    </tr>\n",
       "  </tbody>\n",
       "</table>\n",
       "</div>"
      ],
      "text/plain": [
       "       X     Y\n",
       "P1  0.40  0.53\n",
       "P2  0.22  0.38\n",
       "P3  0.35  0.32\n",
       "P4  0.26  0.19\n",
       "P5  0.08  0.41\n",
       "P6  0.45  0.30"
      ]
     },
     "execution_count": 4,
     "metadata": {},
     "output_type": "execute_result"
    }
   ],
   "source": [
    "data"
   ]
  },
  {
   "cell_type": "code",
   "execution_count": 5,
   "metadata": {},
   "outputs": [
    {
     "data": {
      "text/html": [
       "<div>\n",
       "<style scoped>\n",
       "    .dataframe tbody tr th:only-of-type {\n",
       "        vertical-align: middle;\n",
       "    }\n",
       "\n",
       "    .dataframe tbody tr th {\n",
       "        vertical-align: top;\n",
       "    }\n",
       "\n",
       "    .dataframe thead th {\n",
       "        text-align: right;\n",
       "    }\n",
       "</style>\n",
       "<table border=\"1\" class=\"dataframe\">\n",
       "  <thead>\n",
       "    <tr style=\"text-align: right;\">\n",
       "      <th></th>\n",
       "      <th>P1</th>\n",
       "      <th>P2</th>\n",
       "      <th>P3</th>\n",
       "      <th>P4</th>\n",
       "      <th>P5</th>\n",
       "      <th>P6</th>\n",
       "    </tr>\n",
       "  </thead>\n",
       "  <tbody>\n",
       "    <tr>\n",
       "      <th>P1</th>\n",
       "      <td>0.000000</td>\n",
       "      <td>0.234307</td>\n",
       "      <td>0.215870</td>\n",
       "      <td>0.367696</td>\n",
       "      <td>0.341760</td>\n",
       "      <td>0.235372</td>\n",
       "    </tr>\n",
       "    <tr>\n",
       "      <th>P2</th>\n",
       "      <td>0.234307</td>\n",
       "      <td>0.000000</td>\n",
       "      <td>0.143178</td>\n",
       "      <td>0.194165</td>\n",
       "      <td>0.143178</td>\n",
       "      <td>0.243516</td>\n",
       "    </tr>\n",
       "    <tr>\n",
       "      <th>P3</th>\n",
       "      <td>0.215870</td>\n",
       "      <td>0.143178</td>\n",
       "      <td>0.000000</td>\n",
       "      <td>0.158114</td>\n",
       "      <td>0.284605</td>\n",
       "      <td>0.101980</td>\n",
       "    </tr>\n",
       "    <tr>\n",
       "      <th>P4</th>\n",
       "      <td>0.367696</td>\n",
       "      <td>0.194165</td>\n",
       "      <td>0.158114</td>\n",
       "      <td>0.000000</td>\n",
       "      <td>0.284253</td>\n",
       "      <td>0.219545</td>\n",
       "    </tr>\n",
       "    <tr>\n",
       "      <th>P5</th>\n",
       "      <td>0.341760</td>\n",
       "      <td>0.143178</td>\n",
       "      <td>0.284605</td>\n",
       "      <td>0.284253</td>\n",
       "      <td>0.000000</td>\n",
       "      <td>0.386005</td>\n",
       "    </tr>\n",
       "    <tr>\n",
       "      <th>P6</th>\n",
       "      <td>0.235372</td>\n",
       "      <td>0.243516</td>\n",
       "      <td>0.101980</td>\n",
       "      <td>0.219545</td>\n",
       "      <td>0.386005</td>\n",
       "      <td>0.000000</td>\n",
       "    </tr>\n",
       "  </tbody>\n",
       "</table>\n",
       "</div>"
      ],
      "text/plain": [
       "          P1        P2        P3        P4        P5        P6\n",
       "P1  0.000000  0.234307  0.215870  0.367696  0.341760  0.235372\n",
       "P2  0.234307  0.000000  0.143178  0.194165  0.143178  0.243516\n",
       "P3  0.215870  0.143178  0.000000  0.158114  0.284605  0.101980\n",
       "P4  0.367696  0.194165  0.158114  0.000000  0.284253  0.219545\n",
       "P5  0.341760  0.143178  0.284605  0.284253  0.000000  0.386005\n",
       "P6  0.235372  0.243516  0.101980  0.219545  0.386005  0.000000"
      ]
     },
     "execution_count": 5,
     "metadata": {},
     "output_type": "execute_result"
    }
   ],
   "source": [
    "from scipy.spatial.distance import pdist, squareform\n",
    "dist = pdist(data[['X', 'Y']], 'euclidean')\n",
    "df_dist = pd.DataFrame(squareform(dist),index=data.index,columns=data.index)\n",
    "df_dist"
   ]
  },
  {
   "cell_type": "markdown",
   "metadata": {},
   "source": [
    "- from this we will take the minimum distances\n",
    "- we will combine the columns and create new table\n",
    "- we will again repeat the process untill we get the last cluster\n"
   ]
  },
  {
   "cell_type": "code",
   "execution_count": 6,
   "metadata": {},
   "outputs": [],
   "source": [
    "company = pd.read_csv('company.csv')"
   ]
  }
 ],
 "metadata": {
  "kernelspec": {
   "display_name": "Python 3",
   "language": "python",
   "name": "python3"
  },
  "language_info": {
   "codemirror_mode": {
    "name": "ipython",
    "version": 3
   },
   "file_extension": ".py",
   "mimetype": "text/x-python",
   "name": "python",
   "nbconvert_exporter": "python",
   "pygments_lexer": "ipython3",
   "version": "3.6.4"
  }
 },
 "nbformat": 4,
 "nbformat_minor": 2
}
